"A" "R" "N" "D" "C" "Q" "E" "G" "H" "L" "I" "K" "M" "F" "P" "S" "T" "W" "Y" "V"
"A" -1.018 0.037 0.065 0.019 0.132 0.009 0.032 0.232 0.037 0.087 0.027 0.023 0.046 0.049 0.087 0.016 0.037 0.031 0.028 0.023
"R" 0.036 -1.137 0.061 0.041 0.02 0.147 0.1 0.022 0.072 0.052 0.021 0.156 0.086 0.051 0.01 0.018 0.049 0.045 0.084 0.067
"N" 0.087 0.082 -0.942 0.043 0.038 0.028 0.057 0.11 0.083 0.011 0.028 0.062 0.012 0.027 0.044 0.042 0.11 0.017 0.018 0.043
"D" 0.019 0.041 0.032 -0.712 0.016 0.021 0.018 0.045 0.077 0.027 0.016 0.035 0.013 0.043 0.034 0.061 0.121 0.022 0.042 0.029
"C" 0.173 0.026 0.037 0.022 -0.895 0.051 0.018 0.117 0.016 0.016 0.033 0.023 0.034 0.021 0.035 0.052 0.045 0.032 0.035 0.111
"Q" 0.009 0.155 0.022 0.022 0.04 -1.179 0.106 0.014 0.197 0.025 0.075 0.138 0.081 0.02 0.008 0.035 0.087 0.033 0.045 0.065
"E" 0.03 0.095 0.039 0.017 0.012 0.095 -0.941 0.023 0.139 0.058 0.025 0.061 0.028 0.089 0.008 0.025 0.019 0.048 0.106 0.024
"G" 0.235 0.022 0.084 0.046 0.09 0.014 0.025 -1.011 0.03 0.048 0.024 0.008 0.022 0.02 0.118 0.044 0.068 0.036 0.021 0.057
"H" 0.034 0.068 0.057 0.072 0.012 0.176 0.139 0.028 -1.165 0.049 0.019 0.115 0.059 0.021 0.008 0.036 0.025 0.066 0.139 0.042
"L" 0.105 0.064 0.01 0.032 0.014 0.029 0.075 0.057 0.063 -1.286 0.179 0.054 0.038 0.107 0.022 0.04 0.043 0.1 0.045 0.208
"I" 0.029 0.023 0.023 0.017 0.027 0.078 0.028 0.026 0.022 0.161 -0.962 0.098 0.06 0.06 0.017 0.017 0.023 0.058 0.088 0.108
"K" 0.025 0.171 0.05 0.038 0.019 0.144 0.071 0.009 0.134 0.049 0.098 -1.084 0.017 0.023 0.008 0.04 0.039 0.05 0.076 0.024
"M" 0.049 0.093 0.01 0.014 0.027 0.083 0.033 0.023 0.068 0.034 0.059 0.017 -0.855 0.032 0.021 0.033 0.009 0.143 0.072 0.036
"F" 0.053 0.055 0.021 0.047 0.017 0.02 0.102 0.021 0.024 0.095 0.059 0.022 0.032 -0.926 0.019 0.02 0.014 0.205 0.055 0.043
"P" 0.118 0.014 0.045 0.046 0.036 0.011 0.011 0.158 0.012 0.025 0.021 0.01 0.026 0.024 -0.694 0.023 0.035 0.035 0.013 0.033
"S" 0.018 0.02 0.035 0.07 0.045 0.038 0.03 0.049 0.044 0.037 0.017 0.042 0.035 0.021 0.019 -0.656 0.059 0.014 0.018 0.042
"T" 0.044 0.059 0.098 0.146 0.04 0.099 0.024 0.08 0.031 0.043 0.025 0.043 0.01 0.016 0.031 0.062 -0.997 0.051 0.064 0.031
"W" 0.031 0.046 0.013 0.023 0.024 0.032 0.052 0.035 0.071 0.084 0.054 0.046 0.134 0.192 0.026 0.013 0.043 -1.113 0.015 0.18
"Y" 0.036 0.109 0.017 0.055 0.034 0.055 0.146 0.026 0.191 0.048 0.104 0.089 0.085 0.066 0.012 0.021 0.068 0.019 -1.278 0.098
"V" 0.022 0.065 0.031 0.028 0.081 0.06 0.025 0.054 0.043 0.164 0.095 0.021 0.032 0.039 0.023 0.036 0.025 0.171 0.073 -1.086
