[[-1.279462906008296, 0.03126574415024909, 0.01090531585609293, 0.0031637554665904736, 0.02797955832815261, 0.007707165178179421, 1.3099998057134894E-4, 0.15581534824342774, 6.970356300237687E-4, 0.02409840903360229, 0.09955412899174543, 0.061929011960283116, 0.0011312356168318184, 0.007286892574156632, 0.3772266732585842, 0.1035031953453808, 0.06741959177319738, 0.002783534873995678, 0.11349724512883753, 0.18336806461839397], [0.015876791794912557, -0.9299192993451608, 3.609074885126681E-4, 0.025625048296494236, 3.3985450614978257E-4, 0.2971271698432924, 0.0022516415405013923, 0.0032517065426229124, 0.01074721043523206, 0.011252174639437031, 0.17650636360872843, 0.06706138692231502, 9.30256584863817E-4, 4.198452308985384E-4, 0.09891325730672644, 0.004771088373479703, 0.00814909452958395, 0.0014420638589547953, 0.17400756233535808, 0.03088587550709705], [0.046224279478000944, 0.003012546887592254, -1.726620516607621, 2.49872849154089E-4, 0.06900090980328462, 0.004756058249208511, 0.0014177566898723763, 0.22904910206605184, 5.62282470240716E-4, 0.01159977980489747, 0.09582641510348663, 5.590658088017676E-4, 0.008281824173612732, 0.006904981639816476, 0.8197384041834537, 0.01674405513530722, 0.03373445726583388, 0.0038817500118351897, 0.3320671099742429, 0.0430098650129279], [0.021457983719243557, 0.3422604488798837, 3.998279683704488E-4, -0.7711095908534197, 0.006518679817081585, 0.020157500157153497, 4.2865713025670526E-4, 0.024373950345699835, 0.007426512377321297, 0.0031416926985866683, 0.026324260381252657, 0.1874980462980262, 9.10929410429792E-4, 0.005853849791146828, 0.049769393846170226, 0.026893632345656022, 0.013760545670239476, 2.9392594893516125E-4, 0.020359040502627032, 0.01328071356533906], [0.3163927336217775, 0.007568062307092938, 0.18408082910306772, 0.010868241827540941, -1.7894995436281596, 0.0041716813954227674, 0.0010421765557862973, 0.6933269975083405, 0.0014094178344343626, 0.020716986062132375, 0.091994976266405, 0.016284874575187434, 0.0013899467704277682, 0.008812071935220786, 0.12545499043719965, 0.09008189785203105, 0.03944736096586585, 0.005116446713700376, 0.06424038748670513, 0.10709946440982161], [0.006717045707155001, 0.5099551982821805, 9.779100292005801E-4, 0.0025902060040974336, 3.2152083656109486E-4, -0.8127046285015103, 5.750760779569847E-4, 0.03228898913827673, 0.02625914096437552, 0.0011823049965605122, 0.01574150117049119, 0.10478455697925676, 3.697472600448858E-4, 2.3775157851433327E-4, 0.06864927189666027, 0.0037808446097626694, 9.644842622294589E-4, 0.0011562388228138324, 0.018591610770388917, 0.017561229114983465], [0.0012351117501225829, 0.04180616156416774, 0.0031535870666232063, 5.95880359893284E-4, 8.689417720390424E-4, 0.006221236159005337, -8.315951159158251, 0.0901170375633363, 0.0011093903576522206, 0.01042771171737254, 0.06995534316624652, 0.0018665425231985957, 0.018232916295015635, 0.005908356212345213, 0.09731590991672881, 0.022657469807610943, 0.006109117420074431, 0.003517881279111015, 6.413532389119554, 1.5213201751081533], [0.21042806120546198, 0.008647902491152798, 0.07297768981255498, 0.004853257544501839, 0.08280296429769204, 0.05003388560847108, 0.012908188643461584, -2.3447875288696802, 0.01823878340677141, 0.030267914745068732, 0.058304511401751996, 0.06254646161769604, 0.01182346819455615, 0.007177576621817076, 0.847142874714332, 0.10882220795977744, 0.05872710645996297, 0.002996949399846792, 0.4989459348600286, 0.19714178988477477], [0.0038476197915886896, 0.11682584864662475, 7.322507317206041E-4, 0.006044161749055825, 6.880045149349275E-4, 0.16631600695322957, 6.495110386985035E-4, 0.07454862172747444, -0.8051416047810769, 0.020351340147352473, 0.011109386433920945, 0.061887961277991455, 0.007949890477557696, 0.0032250734946228693, 0.002922265682838963, 0.015572148225613642, 0.004096066964299717, 0.0031247092394905427, 0.038744630494351645, 0.2665061071897097], [0.05325482548810349, 0.04896808027370169, 0.006047674912297441, 0.0010236424654244758, 0.004048662004859129, 0.0029978954466708323, 0.0024441316133907934, 0.04952901341003865, 0.008147538767425442, -4.221454387437512, 0.0737030440638561, 0.006594187658015588, 0.010474353168806003, 0.009200449936198651, 0.13148503978255585, 0.0030056948223868597, 0.013176020247616858, 0.0021483462401544824, 3.432869164658702, 0.36233662247730775], [0.058543316955187774, 0.20440166818992123, 0.013294481007035392, 0.00228238141926935, 0.004784058852711716, 0.010621370474328212, 0.004363187911239002, 0.02538790059563019, 0.0011835073245892228, 0.019612496502219634, -1.053017306022751, 0.012821511488122, 0.04990235506297039, 0.02665935459995075, 0.03596598977362088, 0.07075477480834559, 0.024730756653041877, 0.0010251107264998768, 0.3622953281974259, 0.12438775548064199], [0.06074794926566057, 0.12954361779725215, 1.2938040357214365E-4, 0.0271174104303103, 0.001412655427098961, 0.11793728213284403, 1.9419602526609222E-4, 0.045430424728913094, 0.010997816648519003, 0.0029270367709503644, 0.021387432316008988, -0.5844489382231982, 0.003352023838184141, 0.005823010966129569, 0.04362151712991014, 0.004281512321394757, 0.0034605948077643246, 7.409865630675599E-4, 0.04287695548849259, 0.06246713516185953], [0.006578135468389707, 0.010652671030772115, 0.011361713848068451, 7.80995378094406E-4, 7.147633328638671E-4, 0.0024670109109357903, 0.01124529515076697, 0.050909778898717596, 0.008374785963239451, 0.027561722858779693, 0.4934608886131802, 0.01987098386369559, -2.021788292448978, 0.02581116907256824, 0.03378400113921986, 0.0722439339965485, 0.0176268951146587, 0.019321831151454204, 0.8409256183083565, 0.3680960983486677], [0.03998957866392767, 0.0045373230953103805, 0.0089399499603829, 0.004736527168670353, 0.004276582445357863, 0.0014970773288072046, 0.003439031153783494, 0.029166806439195846, 0.00320632030683449, 0.022847723455331346, 0.2487917898738306, 0.03257726336925911, 0.024359164839990885, -1.001400075248342, 0.03271302562927771, 0.007539700042638381, 0.009162132183294928, 0.006876599555357487, 0.25250427003013387, 0.2642392097069576], [0.17109352878717726, 0.08834698113786929, 0.08771514194460846, 0.003328185610613351, 0.0050319171929748205, 0.03572592553998993, 0.004681445972638748, 0.2845079676217562, 2.4011191771410528E-4, 0.026985901938918408, 0.02773991707377343, 0.020169469972456416, 0.0026350722686281627, 0.0027036311569450227, -1.0736569137064018, 0.14248747513974488, 0.037231363531528866, 0.0037944488515145288, 0.03664809687997436, 0.09259033116757556], [0.1158045597773966, 0.010512242808553366, 0.00441977993869842, 0.004436447668853999, 0.008912997478486563, 0.004853746542809713, 0.0026887367937845227, 0.09015628683928094, 0.0031563362247592325, 0.0015217600947810153, 0.13462000657981613, 0.0048835049270810164, 0.013900279951422057, 0.0015371686177907684, 0.35149358501869976, -2.7285159264322485, 0.02664718113015479, 0.00306061593407689, 1.908290566354017, 0.037620123751785584], [0.16143196375638955, 0.03842543450366898, 0.019056592058475676, 0.004857950267554041, 0.008352869942009658, 0.0026498111308577116, 0.001551482430055868, 0.10412346101256185, 0.0017767784887336975, 0.014276346184773315, 0.10069844572325544, 0.008447276165072841, 0.00725820932547609, 0.0039975647148869625, 0.1965536725849381, 0.05702729642098431, -2.558759425646337, 0.00344964080648155, 1.6739436106558636, 0.15088101947429755], [0.022370115719882726, 0.02282244014224002, 0.0073598205504990695, 3.482759535827048E-4, 0.003636255349526847, 0.010661921352763287, 0.0029985943657913306, 0.017834361076322046, 0.00454929399510859, 0.007812773713379507, 0.014009553488230306, 0.0060707790412254945, 0.026703617825587944, 0.010070263566957586, 0.06723401965978908, 0.021984090153436626, 0.011578226177863804, -0.6311621308172382, 0.0853864280096591, 0.2877313006753921], [0.009448414013285212, 0.028526450603385052, 0.006521801191613364, 2.4988771069469614E-4, 4.729291685807356E-4, 0.0017758528500962823, 0.05662860523422666, 0.0307562699644918, 5.843162260388875E-4, 0.12931837903997828, 0.05128829721479143, 0.003638815741571235, 0.01203875109749819, 0.003830344713921657, 0.006726572564611497, 0.14198621945705478, 0.05819839497175497, 8.844858245481042E-4, -0.6627509403117797, 0.11987615272363689], [0.04166796596804629, 0.013821161327652333, 0.002305763592997281, 4.449528642755486E-4, 0.0021521882322700497, 0.0045787809983863425, 0.036666056406299496, 0.033171405682362806, 0.010971060084047529, 0.03725805993870563, 0.048066022205864686, 0.014470805896649352, 0.014384344348321141, 0.010941362326512943, 0.04638879025434612, 0.007640590373656833, 0.014318904684086288, 0.008135685366007544, 0.3272184635541241, -0.6746023641046124]]Total BranchLength: 1.0
